precision:	0.409090909090909	0.363636363636364	0.348484848484848	0.352272727272727	0.345454545454546	0.333333333333333	0.331168831168831	0.329545454545455	0.303030303030303	0.286363636363636	0.285123966942149	0.276515151515152	0.269230769230769	0.26948051948052	0.263636363636364	0.267045454545455	

MAP:	0.283327760133498

NDCG:	0.348484848484848	0.318181818181818	0.309009890914495	0.304020857023276	0.302655587324036	0.288308798269766	0.292278210044921	0.293262054358992	0.286963757987872	0.282167535257109	0.287279264451375	0.285795189338567	0.283364979873178	0.285495389340794	0.284389495187212	0.289792050981709	

