precision:	0.318181818181818	0.386363636363636	0.378787878787879	0.352272727272727	0.345454545454545	0.325757575757576	0.305194805194805	0.295454545454545	0.303030303030303	0.318181818181818	0.314049586776859	0.303030303030303	0.304195804195804	0.305194805194805	0.296969696969697	0.292613636363636	

MAP:	0.315750465463032

NDCG:	0.287878787878788	0.340909090909091	0.331133829599322	0.319059937964029	0.316845026920088	0.309311789436387	0.305404199994833	0.300040097448605	0.307723989948399	0.323130804305482	0.32244319754831	0.320344027925627	0.321845161965898	0.325232169947842	0.32370445661418	0.32538318377618	

