precision:	0.5	0.477272727272727	0.484848484848485	0.454545454545455	0.436363636363636	0.416666666666667	0.402597402597403	0.397727272727273	0.373737373737374	0.354545454545454	0.347107438016529	0.340909090909091	0.339160839160839	0.344155844155844	0.333333333333333	0.323863636363636	

MAP:	0.346095649138094

NDCG:	0.409090909090909	0.371212121212121	0.386871515447457	0.391397188578794	0.3904792387535	0.385290727069315	0.380595023817625	0.377335831772832	0.37185883762258	0.367234030472715	0.365195127595587	0.363461133841597	0.367684539170373	0.378177791625724	0.376628023797965	0.376189060671402	

