precision:	0.318181818181818	0.340909090909091	0.318181818181818	0.352272727272727	0.354545454545455	0.356060606060606	0.350649350649351	0.369318181818182	0.358585858585859	0.354545454545455	0.347107438016529	0.325757575757576	0.321678321678322	0.311688311688312	0.309090909090909	0.301136363636364	

MAP:	0.305851951868338

NDCG:	0.287878787878788	0.310606060606061	0.292350327786915	0.299412078831777	0.30429179276621	0.301640541075099	0.306189988043638	0.315714478786824	0.316405387706109	0.31559615239086	0.320882744210433	0.316346287038616	0.320305896359331	0.318123628969683	0.321207941916536	0.320308743648877	

