precision:	0.454545454545455	0.477272727272727	0.515151515151515	0.465909090909091	0.436363636363636	0.416666666666667	0.422077922077922	0.414772727272727	0.393939393939394	0.381818181818182	0.380165289256198	0.363636363636364	0.34965034965035	0.340909090909091	0.321212121212121	0.3125	

MAP:	0.347521601090452

NDCG:	0.333333333333333	0.386363636363636	0.41292359726116	0.401190576396705	0.382599026907418	0.369275707699589	0.382258122109839	0.381639328719529	0.375033458274258	0.374328265683094	0.379905412759285	0.376571108550862	0.372553960396103	0.372928874680048	0.366211129365827	0.365628093661301	

