precision:	0.409090909090909	0.386363636363636	0.303030303030303	0.261363636363636	0.236363636363636	0.234848484848485	0.24025974025974	0.238636363636364	0.237373737373737	0.236363636363636	0.235537190082645	0.238636363636364	0.227272727272727	0.220779220779221	0.212121212121212	0.204545454545455	

MAP:	0.228063423327629

NDCG:	0.318181818181818	0.265151515151515	0.223020281734156	0.207626309412411	0.194167213191288	0.190518718623901	0.193583384320836	0.193822371788115	0.192064700802494	0.192853679037006	0.194171269523117	0.196082938477749	0.192486539130199	0.192141864143963	0.189568981420316	0.187797350876119	

