precision:	0.363636363636364	0.363636363636364	0.378787878787879	0.318181818181818	0.309090909090909	0.303030303030303	0.298701298701299	0.301136363636364	0.292929292929293	0.313636363636364	0.297520661157025	0.299242424242424	0.29020979020979	0.285714285714286	0.278787878787879	0.278409090909091	

MAP:	0.287692683112467

NDCG:	0.242424242424242	0.257575757575758	0.282664685241889	0.260769120919401	0.258616620662161	0.260052433806214	0.261270317330403	0.269466453145516	0.268590367223152	0.289071778442114	0.284518660873148	0.289037581880024	0.286035096132164	0.284458395339879	0.284237654480376	0.288058905141263	

