precision:	0.454545454545455	0.386363636363636	0.378787878787879	0.409090909090909	0.418181818181818	0.386363636363636	0.376623376623377	0.357954545454545	0.338383838383838	0.331818181818182	0.318181818181818	0.321969696969697	0.325174825174825	0.311688311688312	0.306060606060606	0.298295454545455	

MAP:	0.329785777657753

NDCG:	0.424242424242424	0.325757575757576	0.319615836668536	0.340473002139793	0.348247431690801	0.331517677018759	0.339235140135352	0.337067263502064	0.333242137145763	0.32999288203144	0.327333082008089	0.32986175942158	0.334381810824914	0.332820764666762	0.333719281549773	0.336615774586545	

