precision:	0.409090909090909	0.454545454545455	0.515151515151515	0.5	0.445454545454545	0.416666666666667	0.409090909090909	0.392045454545455	0.378787878787879	0.368181818181818	0.363636363636364	0.359848484848485	0.346153846153846	0.344155844155844	0.336363636363636	0.326704545454545	

MAP:	0.342637743616603

NDCG:	0.318181818181818	0.393939393939394	0.415049071505824	0.419474886440621	0.398374817574925	0.378832734406403	0.38354115820308	0.375379600332648	0.377562793407036	0.377063469568824	0.375730147269196	0.372761030798424	0.370621683531592	0.374230447563661	0.373630365862545	0.379403500812898	

